20191112000055 0
20191112000056 0
20191112000057 0
20191112000058 0
20191112000059 0
20191112000060 0
20191112000061 0
20191112000062 0
20191112000063 0
20191112000064 0
20191112000065 0
20191112000066 0
20191112000067 0
20191112000068 0
20191112000069 0
20191112000070 0
20191112000071 0
20191112000072 0
20191112000073 0
20191112000074 0
20191112000075 0
20191112000076 0
20191112000077 0
20191112000078 0
20191112000079 0
20191112000080 0
20191112000081 0
20191112000082 0
20191112000083 0
20191112000084 0
20191112000085 0
20191112000086 0
20191112000087 0
20191112000088 0
20191112000089 0
20191112000090 0
20191112000091 0
20191112000092 0
20191112000093 0
20191112000094 0
20191112000095 0
20191112000096 0
20191112000097 0
20191112000098 0
20191112000099 0
20191112000100 0
20191112000101 0
20191112000102 0
20191112000103 0
20191112000104 0
20191112000105 0
20191112000106 0
20191112000107 0
20191112000108 0
20191112000109 0
20191112000110 0
20191112000111 0
20191112000112 0
20191112000113 0
20191112000114 0
20191112000115 1
20191112000116 0
20191112000117 0
20191112000118 1
20191112000119 1
20191112000120 0
20191112000121 0
20191112000122 0
20191112000123 0
20191112000124 0
20191112000125 1
20191112000126 0
20191112000127 0
20191112000128 1
20191112000129 1
20191112000130 0
20191112000131 0
20191112000132 1
20191112000133 0
20191112000134 0
20191112000135 0
20191112000136 0
20191112000137 0
20191112000138 0
20191112000139 0
20191112000140 0
20191112000141 0
20191112000142 1
20191112000143 1
20191112000144 0
20191112000145 1
20191112000146 0
20191112000148 0
20191112000149 0
20191112000150 1
20191112000151 0
20191112000152 0
20191112000153 0
20191112000154 1
20191112000155 0
20191112000156 0
20191112000157 1
20191112000158 1
20191112000159 1
20191112000160 1
20191112000161 0
20191112000162 0
20191112000163 1
20191112000164 0
20191112000165 0
20191112000166 0
20191112000167 0
20191112000168 0
20191112000169 1
20191112000171 1
20191112000172 0
20191112000173 0
20191112000174 0
20191112000175 0
20191112000176 1
20191112000177 0
20191112000178 0
20191112000179 0
20191112000180 0
20191112000181 0
20191112000182 0
20191112000183 1
20191112000184 0
20191112000185 0
20191112000186 0
20191112000187 0
20191112000188 0
20191112000189 1
20191112000190 1
20191112000191 0
20191112000192 1
20191112000193 0
20191112000194 1
20191112000195 0
20191112000196 0
20191112000197 0
20191112000198 0
20191112000199 0
20191112000200 0
20191112000201 1
20191112000202 0
20191112000203 0
20191112000204 0
20191112000205 0
20191112000206 0
20191112000207 0
20191112000208 0
20191112000209 0
20191112000210 0
20191112000211 0
20191112000212 0
20191112000213 0
20191112000214 0
20191112000215 0
20191112000216 0
20191112000217 0
20191112000218 0
20191112000219 0
20191112000220 0
20191112000221 0
20191112000222 0
20191112000223 0
20191112000224 0
20191112000225 0
20191112000226 1
20191112000227 1
20191112000228 0
20191112000229 1
20191112000230 1
20191112000231 0
20191112000232 0
20191112000233 1
20191112000234 0
20191112000235 0
20191112000236 1
20191112000237 1
20191112000238 1
20191112000239 1
20191112000240 0
20191112000241 1
20191112000242 1
20191112000243 1
20191112000244 0
20191112000245 0
20191112000246 0
20191112000247 0
20191112000248 0
20191112000249 0
20191112000250 0
20191112000251 0
20191112000252 0
20191112000253 1
20191112000254 0
20191112000255 0
20191112000256 0
20191112000257 1
20191112000258 1
20191112000259 0
20191112000260 0
20191112000261 0
20191112000262 0
20191112000263 0
20191112000264 0
20191112000265 0
20191112000266 0
20191112000267 0
20191112000268 1
20191112000269 0
20191112000270 0
20191112000271 1
20191112000272 0
20191112000273 0
20191112000274 0
20191112000275 0
20191112000276 1
20191112000277 0
20191112000278 0
20191112000279 1
20191112000280 0
20191112000281 0
20191112000282 1
20191112000283 0
20191112000284 1
20191112000285 1
20191112000286 1
20191112000287 1
20191112000288 0
20191112000289 0
20191112000290 0
20191112000291 0
20191112000292 1
20191112000293 0
20191112000294 1
20191112000295 0
20191112000296 0
20191112000297 1
20191112000298 0
20191112000299 0
20191112000300 0
20191112000301 1
20191112000302 1
20191112000303 0
20191112000304 0
20191112000305 1
20191112000306 0
20191112000307 0
20191112000308 0
20191112000309 0
20191112000310 0
20191112000311 0
20191112000312 0
20191112000313 0
20191112000314 1
20191112000315 1
20191112000316 0
20191112000317 0
20191112000318 1
20191112000319 1
20191112000320 0
20191112000321 0
20191112000322 0
20191112000323 0
20191112000324 0
20191112000325 1
20191112000326 0
20191112000327 0
20191112000328 0
20191112000329 0
20191112000330 0
20191112000331 1
20191112000332 0
20191112000333 1
20191112000334 0
20191112000335 1
20191112000336 0
20191112000337 0
20191112000338 0
20191112000339 0
20191112000340 0
20191112000341 0
20191112000342 1
20191112000343 0
20191112000344 0
20191112000345 1
20191112000346 0
20191112000347 0
20191112000348 0
20191112000349 0
20191112000350 0
20191112000351 0
20191112000352 0
20191112000353 0
20191112000354 1
20191112000355 1
20191112000356 0
20191112000357 0
20191112000358 0
20191112000359 0
20191112000360 1
20191112000361 0
20191112000362 0
20191112000363 0
20191112000364 0
20191112000365 0
20191112000366 1
20191112000367 0
20191112000368 1
20191112000369 0
20191112000370 1
20191112000371 0
20191112000372 1
20191112000373 1
20191112000374 0
20191112000375 0
20191112000376 1
20191112000377 0
20191112000378 0
20191112000379 0
20191112000380 1
20191112000381 0
20191112000382 1
20191112000383 0
20191112000384 1
20191112000385 0
20191112000386 0
20191112000387 1
20191112000388 0
20191112000389 0
20191112000390 0
20191112000391 0
20191112000392 1
20191112000393 1
20191112000394 0
20191112000395 1
20191112000396 1
20191112000397 0
20191112000398 0
20191112000399 0
20191112000400 0
20191112000401 0
20191112000402 0
20191112000403 0
20191112000404 0
20191112000405 1
20191112000406 1
20191112000407 0
20191112000408 0
20191112000409 1
20191112000410 0
20191112000411 0
20191112000412 0
20191112000413 1
20191112000414 1
20191112000415 0
20191112000416 0
20191112000417 0
20191112000418 1
20191112000419 0
20191112000420 0
20191112000421 1
20191112000422 0
20191112000423 1
20191112000424 0
20191112000425 0
20191112000426 0
20191112000427 0
20191112000428 1
20191112000429 0
20191112000430 0
20191112000431 1
20191112000432 0
20191112000434 0
20191112000435 1
20191112000436 0
20191112000437 0
20191112000438 0
20191112000439 0
20191112000440 0
20191112000441 1
20191112000442 0
20191112000443 0
20191112000444 1
20191112000445 0
20191112000446 0
20191112000447 0
20191112000448 1
20191112000449 0
20191112000450 1
20191112000451 1
20191112000452 0
20191112000453 0
20191112000454 0
20191112000455 0
20191112000456 0
20191112000457 0
20191112000458 0
20191112000459 0
20191112000460 0
20191112000461 0
20191112000462 1
20191112000463 1
20191112000464 0
20191112000465 0
20191112000466 0
20191112000467 0
20191112000468 1
20191112000469 0
20191112000470 0
20191112000471 1
20191112000472 0
20191112000473 0
20191112000474 1
20191112000475 0
20191112000476 0
20191112000477 0
20191112000478 0
20191112000479 1
20191112000480 0
20191112000481 0
20191112000482 0
20191112000483 0
20191112000484 0
20191112000485 1
20191112000486 0
20191112000487 0
20191112000488 1
20191112000489 0
20191112000490 0
20191112000491 0
20191112000492 0
20191112000493 0
20191112000494 0
20191112000495 0
20191112000496 0
20191112000497 0
20191112000498 0
20191112000499 0
20191112000500 0
20191112000501 0
20191112000502 0
20191112000503 0
20191112000504 0
20191112000505 0
20191112000506 0
20191112000507 0
20191112000508 0
20191112000509 0
20191112000510 1
20191112000511 1
20191112000512 0
20191112000513 0
20191112000514 1
20191112000515 1
20191112000516 0
20191112000517 1
20191112000518 0
20191112000519 1
20191112000520 1
20191112000521 0
20191112000522 0
20191112000523 0
20191112000524 0
20191112000525 0
20191112000526 1
20191112000527 0
20191112000528 0
20191112000529 1
20191112000530 0
20191113000250 0
20191113000251 0
20191113000252 1
20191113000253 1
20191113000254 1
20191113000255 0
20191113000256 0
20191113000257 1
20191113000258 1
20191113000259 0
20191113000260 1
20191113000261 0
20191113000262 0
20191113000263 0
20191113000264 1
20191113000265 1
20191113000266 0
20191113000267 1
20191113000268 1
20191113000269 0
20191113000270 0
20191113000271 1
20191113000272 0
20191113000273 0
20191113000275 1
20191113000276 0
20191113000277 1
20191113000278 0
20191113000279 1
20191113000280 1
20191113000281 0
20191113000282 1
20191113000283 1
20191113000284 1
20191113000285 0
20191113000286 1
20191113000287 0
20191113000288 1
20191113000289 1
20191113000290 0
20191113000291 0
20191113000292 1
20191113000293 1
20191113000294 0
20191113000295 0
20191113000296 0
20191113000297 1
20191113000298 0
20191113000299 0
20191113000300 0
20191113000301 1
20191113000302 0
20191113000303 0
20191113000304 1
20191113000305 0
20191113000306 1
20191113000307 1
20191113000308 0
20191113000309 0
20191113000310 0
20191113000311 0
20191113000312 1
20191113000313 1
20191113000314 0
20191113000315 0
20191113000316 0
20191113000317 1
20191113000318 1
20191113000319 0
20191113000320 0
20191113000321 0
20191113000322 1
20191113000323 0
20191113000324 0
20191113000325 0
20191113000326 0
20191113000327 0
20191113000328 0
20191113000329 1
20191113000330 1
20191113000331 1
20191113000332 0
20191113000333 1
20191113000334 1
20191113000335 0
20191113000336 1
20191113000337 1
20191113000338 0
20191113000339 1
20191113000340 1
20191113000341 0
20191113000342 1
20191113000343 0
20191113000344 0
20191113000345 0
20191113000346 1
20191113000347 1
20191113000348 1
20191113000349 1
20191113000350 0
20191113000351 1
20191113000352 0
20191113000353 0
20191113000354 1
20191113000355 1
20191113000356 1
20191113000357 0
20191113000358 0
20191113000359 0
20191113000360 0
20191113000361 1
20191113000362 0
20191113000363 1
20191113000364 1
20191113000365 1
20191113000366 0
20191113000367 0
20191113000368 0
20191113000369 1
20191113000370 1
20191113000371 1
20191113000372 1
20191113000373 0
20191113000374 0
20191113000375 0
20191113000376 1
20191113000377 0
20191113000378 1
20191113000379 1
20191113000380 1
20191113000381 1
20191113000382 1
20191113000383 0
20191113000384 1
20191113000385 0
20191113000386 0
20191113000387 0
20191113000388 0
20191113000389 0
20191113000390 0
20191113000391 0
20191113000392 1
20191113000393 1
20191113000394 1
20191113000395 1
20191113000396 1
20191113000397 1
20191113000398 1
20191113000399 1
20191113000400 1
20191113000401 1
20191113000402 0
20191113000403 0
20191113000404 0
20191113000405 0
20191113000406 0
20191113000407 1
20191113000408 1
20191113000409 1
20191113000410 0
20191113000411 1
20191113000412 0
20191113000413 1
20191113000414 0
20191113000415 0
20191113000416 0
20191113000417 0
20191113000418 0
20191113000419 0
20191113000420 0
20191113000421 0
20191113000422 0
20191113000423 0
20191113000424 0
20191113000425 0
20191113000426 0
20191113000427 0
20191113000428 0
20191113000429 0
20191113000430 0
20191113000431 0
20191113000432 0
20191113000433 0
20191113000434 0
20191113000435 0
20191113000436 0
20191113000437 0
20191113000438 0
20191113000439 0
20191113000440 0
20191113000441 0
20191113000442 1
20191113000443 0
20191113000444 1
20191113000445 0
20191113000446 0
20191113000447 1
20191113000448 0
20191113000449 0
20191113000450 0
20191113000451 0
20191113000452 0
20191113000453 0
20191113000454 1
20191113000455 1
20191113000456 1
20191113000457 1
20191113000458 1
20191113000459 1
20191113000460 0
20191113000463 0
20191113000464 0
20191113000465 1
20191113000466 1
20191113000467 0
20191113000468 1
20191113000469 1
20191113000470 0
20191113000471 0
20191113000472 0
20191113000473 0
20191113000474 0
20191113000475 0
20191113000476 1
20191113000477 1
20191113000478 0
20191113000479 0
20191113000480 0
20191113000481 0
20191113000482 1
20191113000483 1
20191113000484 1
20191113000485 0
20191113000486 0
20191113000487 1
20191113000488 0
20191113000489 0
20191113000490 0
20191113000491 0
20191113000492 1
20191113000493 0
20191113000494 1
20191113000495 0
20191113000496 0
20191113000497 0
20191113000498 0
20191113000499 0
20191113000500 0
20191113000501 1
20191113000502 1
20191113000503 0
20191113000504 0
20191113000505 0
20191113000506 0
20191113000507 0
20191113000508 1
20191113000509 0
20191113000510 1
20191113000511 0
20191113000512 0
20191113000513 1
20191113000514 0
20191113000515 0
20191113000516 0
20191113000517 0
20191113000518 0
20191113000519 0
20191113000520 1
20191113000521 1
20191113000522 1
20191113000523 0
20191113000524 0
20191113000525 0
20191113000526 1
20191113000527 1
20191113000528 0
20191113000529 1
20191113000530 1
20191113000531 0
20191113000532 1
20191113000533 1
20191113000534 1
20191113000535 1
20191113000536 1
20191113000537 1
20191113000538 0
20191113000539 0
20191113000540 0
20191113000541 0
20191113000542 0
20191113000543 1
20191113000544 0
20191113000545 0
20191113000546 1
20191113000547 1
20191113000548 1
20191113000549 1
20191113000550 0
20191113000551 1
20191113000552 1
20191113000553 1
20191113000554 1
20191113000555 0
20191113000556 1
20191113000557 0
20191113000558 0
20191113000559 0
20191113000560 1
20191113000561 1
20191113000562 1
20191113000563 0
20191113000564 1
20191113000565 0
20191113000566 0
20191113000567 0
20191113000568 0
20191113000569 1
20191113000570 1
20191113000571 0
20191113000572 1
20191113000573 1
20191113000574 1
20191113000575 0
20191113000576 0
20191113000577 0
20191113000578 0
20191113000579 1
20191113000580 1
20191113000581 0
20191113000582 1
20191113000583 0
20191113000584 1
20191113000585 0
20191113000586 0
20191113000587 1
20191113000588 0
20191113000589 0
20191113000590 0
20191113000591 0
20191113000592 0
20191113000593 0
20191113000594 0
20191113000595 0
20191113000596 0
20191113000597 0
20191113000598 0
20191113000599 0
20191113000600 0
20191113000601 0
20191113000602 0
20191113000603 0
20191113000604 0
20191113000605 0
20191113000606 0
20191113000607 0
20191113000608 0
20191113000609 0
20191113000610 0
20191113000611 0
20191113000612 0
20191113000613 0
20191113000614 0
20191113000615 0
20191113000616 0
20191113000617 0
20191113000618 0
20191113000619 0
20191113000620 0
20191113000621 0
20191113000622 0
20191113000623 0
20191113000624 0
20191113000625 0
20191113000626 0
20191113000627 0
20191113000628 0
20191113000629 0
20191113000630 0
20191113000631 0
20191113000632 0
20191113000633 0
20191113000634 0
20191113000635 0
20191113000636 0
20191113000637 0
20191113000638 0
20191113000639 0
20191113000640 0
20191113000641 0
20191113000642 0
20191113000643 0
20191113000644 0
20191113000645 0
20191113000646 0
20191113000647 0
20191113000648 0
20191113000649 0
20191113000650 0
20191113000651 0
20191113000652 0
20191113000653 0
20191113000654 0
20191113000655 0
20191113000656 0
20191113000657 0
20191113000658 0
20191113000659 0
20191113000660 0
20191113000661 0
20191113000662 0
20191113000663 0
20191113000664 0
20191113000665 0
20191113000666 0
20191113000667 0
20191113000668 0
20191113000669 0
20191113000670 0
20191113000671 0
20191113000672 0
20191113000673 0
20191113000674 0
20191113000675 0
20191113000676 0
20191113000677 0
20191113000678 0
20191113000679 0
20191113000680 0
20191113000681 0
20191113000682 0
20191113000683 1
20191113000684 0
20191113000685 1
20191113000686 1
20191113000687 0
20191113000688 0
20191113000689 1
20191113000690 1
20191113000691 1
20191113000692 1
20191113000693 1
20191113000694 1
20191113000695 0
20191113000696 0
20191113000697 0
20191113000698 1
20191113000699 1
20191113000700 0
20191113000701 0
20191113000702 1
20191113000703 1
20191113000704 1
20191113000705 1
20191113000706 0
20191113000707 1
20191113000708 1
20191113000709 0
20191113000710 1
20191113000711 0
20191113000712 1
20191113000713 0
20191113000714 0
20191113000715 0
20191113000716 1
20191113000717 1
20191113000718 1
20191113000719 0
20191113000720 1
20191113000721 0
20191113000722 0
20191113000723 0
20191113000724 1
20191113000725 1
20191113000726 1
20191113000727 0
20191113000728 0
20191113000729 1
20191113000730 0
20191113000731 1
20191113000732 0
20191113000733 1
20191113000734 0
20191113000735 1
20191113000736 1
20191113000737 1
20191113000738 1
20191113000739 1
20191113000740 0
20191113000741 0
20191113000743 0
20191113000744 0
20191113000745 1
20191113000746 1
20191113000747 1
20191113000748 0
20191113000749 0
20191113000750 1
20191113000751 1
20191113000752 1
20191113000753 1
20191113000754 0
20191113000755 0
20191113000756 1
20191113000757 0
20191113000758 0
20191113000759 1
20191113000760 1
20191113000761 0
20191113000762 1
20191113000763 1
20191113000764 1
20191113000765 0
20191113000766 0
20191113000767 0
20191113000768 0
20191113000769 0
20191113000770 0
20191113000771 0
20191113000772 0
20191113000773 0
20191113000774 0
20191113000775 0
20191113000776 1
20191113000777 1
20191113000778 1
20191113000779 0
20191113000780 1
20191113000781 1
20191113000782 0
20191113000783 1
20191113000784 1
20191113000785 1
20191113000786 1
20191113000787 0
20191113000788 0
20191113000789 1
20191113000790 1
20191113000791 0
20191113000792 1
20191113000793 1
20191113000794 0
20191113000795 0
20191113000796 1
20191113000797 1
20191113000798 0
20191113000799 1
20191113000800 1
20191113000801 1
20191113000802 1
20191113000803 1
20191113000804 1
20191115000001 0
20191115000002 1
20191115000003 1
20191115000004 1
20191115000005 1
20191115000006 1
20191115000007 1
20191115000008 0
20191115000009 1
20191115000010 0
20191115000011 1
20191115000012 1
20191115000013 1
20191115000014 0
20191115000015 0
20191115000016 0
20191115000017 1
20191115000018 1
20191115000019 1
20191115000020 0
20191115000021 0
20191115000022 1
20191115000023 0
20191115000024 0
20191115000025 1
20191115000026 0
20191115000027 1
20191115000028 0
20191115000029 1
20191115000030 1
20191115000031 1
20191115000032 1
20191115000033 0
20191115000034 1
20191115000035 1
20191115000036 0
20191115000037 1
20191115000038 0
20191115000039 0
20191115000040 0
20191115000041 1
20191115000043 0
20191115000044 1
20191115000045 1
20191115000046 0
20191115000047 1
20191115000048 1
20191115000049 1
20191115000050 0
20191115000051 1
20191115000052 1
20191115000053 1
20191115000054 1
20191115000055 0
20191115000056 1
20191115000057 0
20191115000058 1
20191115000059 1
20191115000060 0
20191115000061 0
20191115000062 1
20191115000063 1
20191115000064 0
20191115000065 1
20191115000066 1
20191115000067 1
20191115000068 0
20191115000069 1
20191115000070 1
20191115000071 0
20191115000072 0
20191115000073 0
20191115000074 0
20191115000075 0
20191115000076 0
20191115000077 0
20191115000078 0
20191115000079 0
20191115000080 0
20191115000081 0
20191115000082 0
20191115000083 0
20191115000084 0
20191115000085 0
20191115000086 0
20191115000087 0
20191115000088 0
20191115000089 0
20191115000090 0
20191115000091 0
20191115000092 0
20191115000093 0
20191115000094 1
20191115000095 1
20191115000096 0
20191115000097 1
20191115000098 1
20191115000099 1
20191115000100 1
20191115000101 1
20191115000102 0
20191115000103 0
20191115000104 1
20191115000105 1
20191115000106 0
20191115000107 0
20191115000108 1
20191115000109 0
20191115000110 1
20191115000111 0
20191115000112 0
20191115000113 0
20191115000114 1
20191115000115 0
20191115000116 0
20191115000117 1
20191115000118 0
20191115000119 1
20191115000120 0
20191115000121 0
20191115000122 1
20191115000123 1
20191115000124 0
20191115000127 1
20191115000129 0
20191115000130 1
20191115000131 0
20191115000132 0
20191115000133 0
20191115000134 0
20191115000135 0
20191115000136 1
20191115000137 1
20191115000138 1
20191115000139 0
20191115000140 1
20191115000141 1
20191115000142 0
20191115000143 0
20191115000144 0
20191115000145 0
20191115000146 0
20191115000147 0
20191115000148 0
20191115000149 1
20191115000150 0
20191115000151 0
20191115000152 1
20191115000153 0
20191115000154 1
20191115000155 1
20191115000156 0
20191115000157 1
20191115000158 0
20191115000159 1
20191115000160 1
20191115000161 0
20191115000162 0
20191115000163 0
20191115000164 0
20191115000165 0
20191115000166 0
20191115000167 1
20191115000168 0
20191114000001 0
20191114000002 0
20191114000003 1
20191114000004 0
20191114000005 1
20191114000006 1
20191114000007 1
20191114000008 0
20191114000009 0
20191114000010 1
20191114000011 0
20191114000012 0
20191114000013 0
20191114000014 1
20191114000015 1
20191114000016 0
20191114000017 0
20191114000018 0
20191114000019 1
20191114000020 1
20191114000021 1
20191114000022 1
20191114000023 1
20191114000024 1
20191114000025 1
20191114000026 0
20191114000027 1
20191114000028 1
20191114000029 1
20191114000030 1
20191114000031 0
20191114000032 1
20191114000033 0
20191114000034 0
20191114000035 0
20191114000036 0
20191114000037 0
20191114000038 0
20191114000039 1
20191114000040 0
20191114000041 1
20191114000042 1
20191114000043 0
20191114000044 0
20191114000045 0
20191114000046 0
20191114000047 1
20191114000048 0
20191114000049 1
20191114000050 1
20191114000051 1
20191114000052 1
20191114000053 0
20191114000054 0
20191114000055 1
20191114000056 1
20191114000057 1
20191114000058 1
20191114000059 0
20191114000060 0
20191114000061 1
20191114000062 0
20191114000063 1
20191114000064 1
20191114000065 1
20191114000066 1
20191114000067 0
20191114000068 1
20191114000069 1
20191114000070 1
20191114000071 0
20191114000072 1
20191114000073 1
20191114000074 1
20191114000075 1
20191114000076 1
20191114000077 0
20191114000078 1
20191114000079 0
20191114000080 0
20191114000081 0
20191114000082 1
20191114000083 1
20191114000084 1
20191114000085 1
20191114000086 0
20191114000087 0
20191114000088 0
20191114000089 1
20191114000090 1
20191114000091 1
20191114000092 1
20191114000093 0
20191114000094 1
20191114000095 1
20191114000096 1
20191114000097 0
20191114000098 0
20191114000099 0
20191114000100 1
20191114000101 1
20191114000102 0
20191114000103 1
20191114000104 1
20191114000105 1
20191114000106 1
20191114000107 0
20191114000108 1
20191114000109 0
20191114000110 1
20191114000111 1
20191114000112 0
20191114000113 1
20191114000114 0
20191116000001 0
20191116000002 1
20191116000003 0
20191116000004 1
20191116000005 1
20191116000006 1
20191116000007 0
20191116000008 1
20191116000009 0
20191116000010 1
20191116000011 0
20191116000012 0
20191116000013 1
20191116000014 0
20191116000015 1
20191116000016 1
20191116000017 1
20191116000018 0
20191116000019 0
20191116000020 0
20191116000021 1
20191116000022 1
20191116000023 0
20191116000024 1
20191116000025 1
20191116000026 0
20191116000027 1
20191116000028 0
20191116000029 1
20191116000030 0
20191116000031 1
20191116000032 1
20191116000033 0
20191116000034 0
20191116000035 1
20191116000036 0
20191116000037 0
20191116000038 0
20191116000039 1
20191116000040 0
20191116000041 1
20191116000042 0
20191116000043 1
20191116000044 0
20191116000045 0
20191116000046 1
20191116000047 1
20191116000048 1
20191116000049 1
20191116000050 1
20191116000051 0
20191116000052 1
20191116000053 0
20191116000054 1
20191116000055 0
20191116000056 0
20191116000057 1
20191116000058 1
20191116000059 0
20191116000060 1
20191116000061 0
20191116000062 1
20191116000063 0
20191116000064 1
20191116000065 0
20191116000066 1
20191116000067 1
20191116000068 1
20191116000069 1
20191116000070 1
20191116000071 1
20191116000072 0
20191116000073 0
20191116000074 0
20191116000075 0
20191116000076 0
20191116000077 1
20191116000078 1
20191116000079 1
20191116000080 1
20191116000081 1
20191116000082 0
20191116000083 0
20191116000084 0
20191116000085 1
20191116000086 0
20191116000087 1
20191116000088 0
20191116000089 1
20191116000090 0
20191116000091 0
20191116000092 0
20191116000093 1
20191116000094 0
20191116000095 1
20191116000096 0
20191116000097 1
20191116000098 1
20191116000099 0
20191116000100 0
20191116000101 1
20191116000102 1
20191116000103 0
20191116000104 1
20191116000105 0
20191116000106 0
20191116000107 0
20191116000108 1
20191116000109 1
20191116000110 1
20191116000111 1
20191116000112 1
20191116000113 0
20191116000114 1
20191116000115 1
20191116000116 1
20191116000117 0
20191116000118 0
20191116000119 1
20191116000120 1
20191116000121 1
20191116000122 0
20191116000123 1
20191116000124 1
20191116000125 0
20191116000126 0
20191116000127 0
20191116000128 1
20191116000129 0
20191116000130 0
20191116000131 0
20191116000132 0
20191116000133 1
20191116000134 0
20191116000135 0
20191116000136 0
20191116000137 1
20191116000138 1
20191116000139 0
20191116000140 1
20191116000141 0
20191116000142 1
20191116000143 1
20191116000144 0
20191116000145 1
20191116000146 0
20191116000147 0
20191116000148 0
20191116000149 0
20191116000150 0
20191116000151 1
20191116000152 1
20191116000153 0
20191116000154 0
20191116000155 1
20191116000156 0
20191116000157 0
20191116000158 1
20191116000159 1
20191116000160 0
20191116000161 1
20191116000162 0
20191116000163 0
20191116000164 1
20191116000165 1
20191116000166 1
20191116000167 1
20191116000168 1
20191116000169 1
20191116000170 0
20191116000171 1
20191116000172 0
20191116000173 0
20191116000174 1
20191116000175 1
20191116000176 0
20191116000177 1
20191116000178 1
20191116000179 0
20191116000180 1
20191116000181 0
20191116000182 1
20191116000183 1
20191116000184 1
20191116000185 0
20191116000186 0
20191116000187 1
20191116000188 0
20191116000189 1
20191116000190 0
20191116000191 1
20191116000192 0
20191116000193 0
20191116000194 1
20191116000195 1
20191116000196 1
20191116000197 0
20191116000198 0
20191116000199 0
20191116000200 1
20191116000201 1
20191116000202 1
20191116000203 0
20191116000204 1
20191116000205 1
20191116000206 1
20191116000207 0
20191116000208 0
20191116000209 0
20191116000210 0
20191116000211 1
20191116000212 0
20191116000214 0
20191116000215 0
20191116000216 1
20191116000217 0
20191116000218 0
20191116000219 0
20191116000220 1
20191116000221 1
20191116000222 1
20191116000223 0
20191116000224 1
20191116000225 1
20191116000226 0
20191116000227 1
20191116000228 0
20191116000229 0
20191116000230 0
20191116000231 1
20191116000232 1
20191116000233 0
20191116000234 0
20191116000235 1
20191116000236 0
20191116000237 0
20191116000238 0
20191116000239 1
20191116000240 0
20191116000241 0
20191116000242 0
20191116000243 0
20191116000244 1
20191116000245 0
20191116000246 0
20191116000247 0
20191116000248 0
20191116000249 0
20191116000250 1
20191116000251 1
20191116000252 0
20191116000253 0
20191116000254 1
20191116000255 0
20191116000256 1
20191116000257 0
20191116000258 1
20191116000259 1
20191116000260 1
20191116000261 1
20191116000262 0
20191116000263 1
20191116000264 1
20191116000265 0
20191116000266 0
20191116000267 0
20191116000268 0
20191116000269 0
20191116000270 1
20191116000271 0
20191116000272 0
20191116000273 1
20191116000274 1
20191116000275 0
20191116000276 1
20191116000277 1
20191116000278 0
20191116000279 0
20191116000280 0
20191116000281 1
20191116000282 0
20191116000283 0
20191116000284 0
20191116000285 1
20191116000286 0
20191116000287 0
20191116000288 1
20191116000289 0
20191116000290 0
20191116000291 0
20191116000292 0
20191116000293 1
20191116000294 1
20191116000295 0
20191116000296 0
20191116000297 0
20191116000298 1
20191116000299 0
20191116000300 0
20191116000301 1
20191116000302 0
20191116000303 0
20191116000304 1
20191116000305 1
20191116000306 0
20191116000307 1
20191116000308 1
20191116000309 0
20191116000310 0
20191116000311 1
20191116000312 1
20191116000313 0
20191116000314 1
20191116000315 1
20191116000316 0
20191116000317 1
20191116000318 1
20191116000319 0
20191116000320 0
20191116000321 0
20191116000322 0
20191116000323 1
20191116000324 1
20191116000325 0
20191116000326 0
20191116000327 1
20191116000328 1
20191116000329 1
20191116000330 1
20191116000331 0
20191116000332 0
20191116000333 0
20191116000334 1
20191116000335 1
20191116000336 1