20191112000055 -1
20191112000056 -1
20191112000057 -1
20191112000058 -1
20191112000059 -1
20191112000060 -1
20191112000061 -1
20191112000062 -1
20191112000063 -1
20191112000064 -1
20191112000065 -1
20191112000066 -1
20191112000067 -1
20191112000068 -1
20191112000069 -1
20191112000070 -1
20191112000071 -1
20191112000072 -1
20191112000073 -1
20191112000074 -1
20191112000075 -1
20191112000076 -1
20191112000077 -1
20191112000078 -1
20191112000079 -1
20191112000080 -1
20191112000081 -1
20191112000082 -1
20191112000083 -1
20191112000084 -1
20191112000085 -1
20191112000086 -1
20191112000087 -1
20191112000088 -1
20191112000089 -1
20191112000090 -1
20191112000091 -1
20191112000092 -1
20191112000093 -1
20191112000094 -1
20191112000095 -1
20191112000096 -1
20191112000097 -1
20191112000098 -1
20191112000099 -1
20191112000100 -1
20191112000101 -1
20191112000102 -1
20191112000103 -1
20191112000104 -1
20191112000105 -1
20191112000106 -1
20191112000107 -1
20191112000108 -1
20191112000109 -1
20191112000110 -1
20191112000111 -1
20191112000112 -1
20191112000113 -1
20191112000114 -1
20191112000115 2
20191112000116 -1
20191112000117 -1
20191112000118 1
20191112000119 2
20191112000120 -1
20191112000121 -1
20191112000122 -1
20191112000123 -1
20191112000124 -1
20191112000125 2
20191112000126 -1
20191112000127 -1
20191112000128 2
20191112000129 1
20191112000130 -1
20191112000131 -1
20191112000132 0
20191112000133 -1
20191112000134 -1
20191112000135 -1
20191112000136 -1
20191112000137 -1
20191112000138 -1
20191112000139 -1
20191112000140 -1
20191112000141 -1
20191112000142 0
20191112000143 0
20191112000144 -1
20191112000145 2
20191112000146 -1
20191112000148 -1
20191112000149 -1
20191112000150 2
20191112000151 -1
20191112000152 -1
20191112000153 -1
20191112000154 2
20191112000155 -1
20191112000156 -1
20191112000157 2
20191112000158 1
20191112000159 2
20191112000160 2
20191112000161 -1
20191112000162 -1
20191112000163 0
20191112000164 -1
20191112000165 -1
20191112000166 -1
20191112000167 -1
20191112000168 -1
20191112000169 0
20191112000171 2
20191112000172 -1
20191112000173 -1
20191112000174 -1
20191112000175 -1
20191112000176 2
20191112000177 -1
20191112000178 -1
20191112000179 -1
20191112000180 -1
20191112000181 -1
20191112000182 -1
20191112000183 2
20191112000184 -1
20191112000185 -1
20191112000186 -1
20191112000187 -1
20191112000188 -1
20191112000189 2
20191112000190 1
20191112000191 -1
20191112000192 0
20191112000193 -1
20191112000194 0
20191112000195 -1
20191112000196 -1
20191112000197 -1
20191112000198 -1
20191112000199 -1
20191112000200 -1
20191112000201 3
20191112000202 -1
20191112000203 -1
20191112000204 -1
20191112000205 -1
20191112000206 -1
20191112000207 -1
20191112000208 -1
20191112000209 -1
20191112000210 -1
20191112000211 -1
20191112000212 -1
20191112000213 -1
20191112000214 -1
20191112000215 -1
20191112000216 -1
20191112000217 -1
20191112000218 -1
20191112000219 -1
20191112000220 -1
20191112000221 -1
20191112000222 -1
20191112000223 -1
20191112000224 -1
20191112000225 -1
20191112000226 0
20191112000227 0
20191112000228 -1
20191112000229 0
20191112000230 0
20191112000231 -1
20191112000232 -1
20191112000233 2
20191112000234 -1
20191112000235 -1
20191112000236 2
20191112000237 2
20191112000238 3
20191112000239 2
20191112000240 -1
20191112000241 1
20191112000242 0
20191112000243 0
20191112000244 -1
20191112000245 -1
20191112000246 -1
20191112000247 -1
20191112000248 -1
20191112000249 -1
20191112000250 -1
20191112000251 -1
20191112000252 -1
20191112000253 0
20191112000254 -1
20191112000255 -1
20191112000256 -1
20191112000257 1
20191112000258 2
20191112000259 -1
20191112000260 -1
20191112000261 -1
20191112000262 -1
20191112000263 -1
20191112000264 -1
20191112000265 -1
20191112000266 -1
20191112000267 -1
20191112000268 0
20191112000269 -1
20191112000270 -1
20191112000271 3
20191112000272 -1
20191112000273 -1
20191112000274 -1
20191112000275 -1
20191112000276 3
20191112000277 -1
20191112000278 -1
20191112000279 3
20191112000280 -1
20191112000281 -1
20191112000282 3
20191112000283 -1
20191112000284 2
20191112000285 2
20191112000286 2
20191112000287 0
20191112000288 -1
20191112000289 -1
20191112000290 -1
20191112000291 -1
20191112000292 2
20191112000293 -1
20191112000294 2
20191112000295 -1
20191112000296 -1
20191112000297 2
20191112000298 -1
20191112000299 -1
20191112000300 -1
20191112000301 0
20191112000302 0
20191112000303 -1
20191112000304 -1
20191112000305 2
20191112000306 -1
20191112000307 -1
20191112000308 -1
20191112000309 -1
20191112000310 -1
20191112000311 -1
20191112000312 -1
20191112000313 -1
20191112000314 2
20191112000315 2
20191112000316 -1
20191112000317 -1
20191112000318 2
20191112000319 0
20191112000320 -1
20191112000321 -1
20191112000322 -1
20191112000323 -1
20191112000324 -1
20191112000325 2
20191112000326 -1
20191112000327 -1
20191112000328 -1
20191112000329 -1
20191112000330 -1
20191112000331 0
20191112000332 -1
20191112000333 1
20191112000334 -1
20191112000335 3
20191112000336 -1
20191112000337 -1
20191112000338 -1
20191112000339 -1
20191112000340 -1
20191112000341 -1
20191112000342 3
20191112000343 -1
20191112000344 -1
20191112000345 2
20191112000346 -1
20191112000347 -1
20191112000348 -1
20191112000349 -1
20191112000350 -1
20191112000351 -1
20191112000352 -1
20191112000353 -1
20191112000354 1
20191112000355 2
20191112000356 -1
20191112000357 -1
20191112000358 -1
20191112000359 -1
20191112000360 3
20191112000361 -1
20191112000362 -1
20191112000363 -1
20191112000364 -1
20191112000365 -1
20191112000366 3
20191112000367 -1
20191112000368 3
20191112000369 -1
20191112000370 3
20191112000371 -1
20191112000372 2
20191112000373 2
20191112000374 -1
20191112000375 -1
20191112000376 3
20191112000377 -1
20191112000378 -1
20191112000379 -1
20191112000380 2
20191112000381 -1
20191112000382 0
20191112000383 -1
20191112000384 0
20191112000385 -1
20191112000386 -1
20191112000387 2
20191112000388 -1
20191112000389 -1
20191112000390 -1
20191112000391 -1
20191112000392 3
20191112000393 2
20191112000394 -1
20191112000395 2
20191112000396 1
20191112000397 -1
20191112000398 -1
20191112000399 -1
20191112000400 -1
20191112000401 -1
20191112000402 -1
20191112000403 -1
20191112000404 -1
20191112000405 3
20191112000406 2
20191112000407 -1
20191112000408 -1
20191112000409 0
20191112000410 -1
20191112000411 -1
20191112000412 -1
20191112000413 0
20191112000414 2
20191112000415 -1
20191112000416 -1
20191112000417 -1
20191112000418 2
20191112000419 -1
20191112000420 -1
20191112000421 2
20191112000422 -1
20191112000423 3
20191112000424 -1
20191112000425 -1
20191112000426 -1
20191112000427 -1
20191112000428 3
20191112000429 -1
20191112000430 -1
20191112000431 0
20191112000432 -1
20191112000434 -1
20191112000435 2
20191112000436 -1
20191112000437 -1
20191112000438 -1
20191112000439 -1
20191112000440 -1
20191112000441 0
20191112000442 -1
20191112000443 -1
20191112000444 1
20191112000445 -1
20191112000446 -1
20191112000447 -1
20191112000448 0
20191112000449 -1
20191112000450 2
20191112000451 2
20191112000452 -1
20191112000453 -1
20191112000454 -1
20191112000455 -1
20191112000456 -1
20191112000457 -1
20191112000458 -1
20191112000459 -1
20191112000460 -1
20191112000461 -1
20191112000462 0
20191112000463 3
20191112000464 -1
20191112000465 -1
20191112000466 -1
20191112000467 -1
20191112000468 1
20191112000469 -1
20191112000470 -1
20191112000471 3
20191112000472 -1
20191112000473 -1
20191112000474 3
20191112000475 -1
20191112000476 -1
20191112000477 -1
20191112000478 -1
20191112000479 3
20191112000480 -1
20191112000481 -1
20191112000482 -1
20191112000483 -1
20191112000484 -1
20191112000485 3
20191112000486 -1
20191112000487 -1
20191112000488 3
20191112000489 -1
20191112000490 -1
20191112000491 -1
20191112000492 -1
20191112000493 -1
20191112000494 -1
20191112000495 -1
20191112000496 -1
20191112000497 -1
20191112000498 -1
20191112000499 -1
20191112000500 -1
20191112000501 -1
20191112000502 -1
20191112000503 -1
20191112000504 -1
20191112000505 -1
20191112000506 -1
20191112000507 -1
20191112000508 -1
20191112000509 -1
20191112000510 2
20191112000511 2
20191112000512 -1
20191112000513 -1
20191112000514 0
20191112000515 0
20191112000516 -1
20191112000517 0
20191112000518 -1
20191112000519 2
20191112000520 2
20191112000521 -1
20191112000522 -1
20191112000523 -1
20191112000524 -1
20191112000525 -1
20191112000526 0
20191112000527 -1
20191112000528 -1
20191112000529 0
20191112000530 -1
20191113000250 -1
20191113000251 -1
20191113000252 2
20191113000253 2
20191113000254 2
20191113000255 -1
20191113000256 -1
20191113000257 3
20191113000258 1
20191113000259 -1
20191113000260 2
20191113000261 -1
20191113000262 -1
20191113000263 -1
20191113000264 2
20191113000265 1
20191113000266 -1
20191113000267 2
20191113000268 2
20191113000269 -1
20191113000270 -1
20191113000271 2
20191113000272 -1
20191113000273 -1
20191113000275 2
20191113000276 -1
20191113000277 2
20191113000278 -1
20191113000279 2
20191113000280 2
20191113000281 -1
20191113000282 1
20191113000283 1
20191113000284 1
20191113000285 -1
20191113000286 1
20191113000287 -1
20191113000288 2
20191113000289 2
20191113000290 -1
20191113000291 -1
20191113000292 2
20191113000293 2
20191113000294 -1
20191113000295 -1
20191113000296 -1
20191113000297 2
20191113000298 -1
20191113000299 -1
20191113000300 -1
20191113000301 2
20191113000302 -1
20191113000303 -1
20191113000304 2
20191113000305 -1
20191113000306 1
20191113000307 1
20191113000308 -1
20191113000309 -1
20191113000310 -1
20191113000311 -1
20191113000312 1
20191113000313 1
20191113000314 -1
20191113000315 -1
20191113000316 -1
20191113000317 2
20191113000318 2
20191113000319 -1
20191113000320 -1
20191113000321 -1
20191113000322 2
20191113000323 -1
20191113000324 -1
20191113000325 -1
20191113000326 -1
20191113000327 -1
20191113000328 -1
20191113000329 2
20191113000330 2
20191113000331 1
20191113000332 -1
20191113000333 2
20191113000334 1
20191113000335 -1
20191113000336 1
20191113000337 1
20191113000338 -1
20191113000339 1
20191113000340 1
20191113000341 -1
20191113000342 1
20191113000343 1
20191113000344 -1
20191113000345 -1
20191113000346 2
20191113000347 2
20191113000348 2
20191113000349 2
20191113000350 -1
20191113000351 2
20191113000352 -1
20191113000353 -1
20191113000354 2
20191113000355 2
20191113000356 2
20191113000357 -1
20191113000358 -1
20191113000359 -1
20191113000360 -1
20191113000361 2
20191113000362 -1
20191113000363 1
20191113000364 1
20191113000365 1
20191113000366 -1
20191113000367 -1
20191113000368 -1
20191113000369 2
20191113000370 3
20191113000371 2
20191113000372 3
20191113000373 -1
20191113000374 -1
20191113000375 -1
20191113000376 0
20191113000377 -1
20191113000378 2
20191113000379 1
20191113000380 1
20191113000381 1
20191113000382 1
20191113000383 -1
20191113000384 1
20191113000385 -1
20191113000386 -1
20191113000387 -1
20191113000388 -1
20191113000389 -1
20191113000390 -1
20191113000391 -1
20191113000392 2
20191113000393 3
20191113000394 3
20191113000395 2
20191113000396 2
20191113000397 2
20191113000398 2
20191113000399 2
20191113000400 2
20191113000401 2
20191113000402 -1
20191113000403 -1
20191113000404 -1
20191113000405 -1
20191113000406 -1
20191113000407 2
20191113000408 2
20191113000409 2
20191113000410 -1
20191113000411 2
20191113000412 -1
20191113000413 2
20191113000414 -1
20191113000415 -1
20191113000416 -1
20191113000417 -1
20191113000418 -1
20191113000419 -1
20191113000420 -1
20191113000421 -1
20191113000422 -1
20191113000423 -1
20191113000424 -1
20191113000425 -1
20191113000426 -1
20191113000427 -1
20191113000428 -1
20191113000429 -1
20191113000430 -1
20191113000431 -1
20191113000432 -1
20191113000433 -1
20191113000434 -1
20191113000435 -1
20191113000436 -1
20191113000437 -1
20191113000438 -1
20191113000439 -1
20191113000440 -1
20191113000441 -1
20191113000442 2
20191113000443 -1
20191113000444 2
20191113000445 -1
20191113000446 -1
20191113000447 2
20191113000448 -1
20191113000449 -1
20191113000450 -1
20191113000451 -1
20191113000452 -1
20191113000453 -1
20191113000454 2
20191113000455 1
20191113000456 2
20191113000457 2
20191113000458 2
20191113000459 2
20191113000460 -1
20191113000463 -1
20191113000464 -1
20191113000465 1
20191113000466 1
20191113000467 -1
20191113000468 1
20191113000469 1
20191113000470 -1
20191113000471 -1
20191113000472 -1
20191113000473 -1
20191113000474 -1
20191113000475 -1
20191113000476 1
20191113000477 2
20191113000478 -1
20191113000479 -1
20191113000480 -1
20191113000481 -1
20191113000482 2
20191113000483 2
20191113000484 2
20191113000485 -1
20191113000486 -1
20191113000487 2
20191113000488 -1
20191113000489 -1
20191113000490 -1
20191113000491 -1
20191113000492 1
20191113000493 -1
20191113000494 2
20191113000495 -1
20191113000496 -1
20191113000497 -1
20191113000498 -1
20191113000499 -1
20191113000500 -1
20191113000501 2
20191113000502 2
20191113000503 -1
20191113000504 -1
20191113000505 -1
20191113000506 -1
20191113000507 -1
20191113000508 2
20191113000509 -1
20191113000510 2
20191113000511 -1
20191113000512 -1
20191113000513 2
20191113000514 -1
20191113000515 -1
20191113000516 -1
20191113000517 -1
20191113000518 -1
20191113000519 -1
20191113000520 2
20191113000521 2
20191113000522 1
20191113000523 -1
20191113000524 -1
20191113000525 -1
20191113000526 2
20191113000527 2
20191113000528 -1
20191113000529 1
20191113000530 1
20191113000531 -1
20191113000532 1
20191113000533 1
20191113000534 1
20191113000535 1
20191113000536 1
20191113000537 1
20191113000538 -1
20191113000539 -1
20191113000540 -1
20191113000541 -1
20191113000542 -1
20191113000543 2
20191113000544 -1
20191113000545 -1
20191113000546 2
20191113000547 2
20191113000548 1
20191113000549 2
20191113000550 -1
20191113000551 1
20191113000552 1
20191113000553 2
20191113000554 2
20191113000555 -1
20191113000556 2
20191113000557 -1
20191113000558 -1
20191113000559 -1
20191113000560 2
20191113000561 1
20191113000562 1
20191113000563 -1
20191113000564 2
20191113000565 -1
20191113000566 -1
20191113000567 -1
20191113000568 -1
20191113000569 2
20191113000570 2
20191113000571 -1
20191113000572 2
20191113000573 2
20191113000574 2
20191113000575 -1
20191113000576 -1
20191113000577 -1
20191113000578 -1
20191113000579 2
20191113000580 2
20191113000581 -1
20191113000582 2
20191113000583 -1
20191113000584 2
20191113000585 -1
20191113000586 -1
20191113000587 2
20191113000588 -1
20191113000589 -1
20191113000590 -1
20191113000591 -1
20191113000592 -1
20191113000593 -1
20191113000594 -1
20191113000595 -1
20191113000596 -1
20191113000597 -1
20191113000598 -1
20191113000599 -1
20191113000600 -1
20191113000601 -1
20191113000602 -1
20191113000603 -1
20191113000604 -1
20191113000605 -1
20191113000606 -1
20191113000607 -1
20191113000608 -1
20191113000609 -1
20191113000610 -1
20191113000611 -1
20191113000612 -1
20191113000613 -1
20191113000614 -1
20191113000615 -1
20191113000616 -1
20191113000617 -1
20191113000618 -1
20191113000619 -1
20191113000620 -1
20191113000621 -1
20191113000622 -1
20191113000623 -1
20191113000624 -1
20191113000625 -1
20191113000626 -1
20191113000627 -1
20191113000628 -1
20191113000629 -1
20191113000630 -1
20191113000631 -1
20191113000632 -1
20191113000633 -1
20191113000634 -1
20191113000635 -1
20191113000636 -1
20191113000637 -1
20191113000638 -1
20191113000639 -1
20191113000640 -1
20191113000641 -1
20191113000642 -1
20191113000643 -1
20191113000644 -1
20191113000645 -1
20191113000646 -1
20191113000647 -1
20191113000648 -1
20191113000649 -1
20191113000650 -1
20191113000651 -1
20191113000652 -1
20191113000653 -1
20191113000654 -1
20191113000655 -1
20191113000656 -1
20191113000657 -1
20191113000658 -1
20191113000659 -1
20191113000660 -1
20191113000661 -1
20191113000662 -1
20191113000663 -1
20191113000664 -1
20191113000665 -1
20191113000666 -1
20191113000667 -1
20191113000668 -1
20191113000669 -1
20191113000670 -1
20191113000671 -1
20191113000672 -1
20191113000673 -1
20191113000674 -1
20191113000675 -1
20191113000676 -1
20191113000677 -1
20191113000678 -1
20191113000679 -1
20191113000680 -1
20191113000681 -1
20191113000682 -1
20191113000683 2
20191113000684 -1
20191113000685 1
20191113000686 2
20191113000687 -1
20191113000688 -1
20191113000689 1
20191113000690 2
20191113000691 2
20191113000692 3
20191113000693 2
20191113000694 2
20191113000695 -1
20191113000696 -1
20191113000697 -1
20191113000698 2
20191113000699 2
20191113000700 -1
20191113000701 -1
20191113000702 2
20191113000703 2
20191113000704 2
20191113000705 2
20191113000706 -1
20191113000707 2
20191113000708 2
20191113000709 -1
20191113000710 2
20191113000711 -1
20191113000712 2
20191113000713 -1
20191113000714 -1
20191113000715 -1
20191113000716 2
20191113000717 1
20191113000718 1
20191113000719 -1
20191113000720 1
20191113000721 -1
20191113000722 -1
20191113000723 -1
20191113000724 2
20191113000725 2
20191113000726 2
20191113000727 -1
20191113000728 -1
20191113000729 1
20191113000730 -1
20191113000731 2
20191113000732 -1
20191113000733 2
20191113000734 -1
20191113000735 1
20191113000736 1
20191113000737 1
20191113000738 1
20191113000739 1
20191113000740 -1
20191113000741 -1
20191113000743 -1
20191113000744 -1
20191113000745 1
20191113000746 1
20191113000747 1
20191113000748 -1
20191113000749 -1
20191113000750 1
20191113000751 2
20191113000752 2
20191113000753 2
20191113000754 -1
20191113000755 -1
20191113000756 2
20191113000757 -1
20191113000758 -1
20191113000759 1
20191113000760 1
20191113000761 -1
20191113000762 2
20191113000763 1
20191113000764 1
20191113000765 -1
20191113000766 -1
20191113000767 -1
20191113000768 -1
20191113000769 -1
20191113000770 -1
20191113000771 -1
20191113000772 -1
20191113000773 -1
20191113000774 -1
20191113000775 -1
20191113000776 2
20191113000777 1
20191113000778 2
20191113000779 -1
20191113000780 2
20191113000781 2
20191113000782 -1
20191113000783 2
20191113000784 2
20191113000785 2
20191113000786 2
20191113000787 -1
20191113000788 -1
20191113000789 3
20191113000790 2
20191113000791 -1
20191113000792 2
20191113000793 2
20191113000794 -1
20191113000795 -1
20191113000796 2
20191113000797 2
20191113000798 -1
20191113000799 1
20191113000800 1
20191113000801 1
20191113000802 1
20191113000803 1
20191113000804 1
20191115000001 -1
20191115000002 0
20191115000003 0
20191115000004 1
20191115000005 1
20191115000006 2
20191115000007 2
20191115000008 -1
20191115000009 2
20191115000010 -1
20191115000011 2
20191115000012 1
20191115000013 1
20191115000014 -1
20191115000015 -1
20191115000016 -1
20191115000017 1
20191115000018 1
20191115000019 1
20191115000020 -1
20191115000021 -1
20191115000022 1
20191115000023 -1
20191115000024 -1
20191115000025 0
20191115000026 -1
20191115000027 1
20191115000028 -1
20191115000029 2
20191115000030 1
20191115000031 2
20191115000032 1
20191115000033 -1
20191115000034 1
20191115000035 1
20191115000036 -1
20191115000037 1
20191115000038 -1
20191115000039 -1
20191115000040 -1
20191115000041 3
20191115000043 -1
20191115000044 2
20191115000045 2
20191115000046 -1
20191115000047 2
20191115000048 1
20191115000049 1
20191115000050 -1
20191115000051 3
20191115000052 3
20191115000053 2
20191115000054 1
20191115000055 -1
20191115000056 2
20191115000057 -1
20191115000058 2
20191115000059 1
20191115000060 -1
20191115000061 -1
20191115000062 3
20191115000063 1
20191115000064 -1
20191115000065 3
20191115000066 1
20191115000067 0
20191115000068 -1
20191115000069 3
20191115000070 2
20191115000071 -1
20191115000072 -1
20191115000073 -1
20191115000074 -1
20191115000075 -1
20191115000076 -1
20191115000077 -1
20191115000078 -1
20191115000079 -1
20191115000080 -1
20191115000081 -1
20191115000082 -1
20191115000083 -1
20191115000084 -1
20191115000085 -1
20191115000086 -1
20191115000087 -1
20191115000088 -1
20191115000089 -1
20191115000090 -1
20191115000091 -1
20191115000092 -1
20191115000093 -1
20191115000094 1
20191115000095 1
20191115000096 -1
20191115000097 1
20191115000098 0
20191115000099 2
20191115000100 1
20191115000101 1
20191115000102 -1
20191115000103 -1
20191115000104 1
20191115000105 1
20191115000106 -1
20191115000107 -1
20191115000108 0
20191115000109 -1
20191115000110 3
20191115000111 -1
20191115000112 -1
20191115000113 -1
20191115000114 2
20191115000115 -1
20191115000116 -1
20191115000117 3
20191115000118 -1
20191115000119 1
20191115000120 -1
20191115000121 -1
20191115000122 3
20191115000123 0
20191115000124 -1
20191115000127 3
20191115000129 -1
20191115000130 2
20191115000131 -1
20191115000132 -1
20191115000133 -1
20191115000134 -1
20191115000135 -1
20191115000136 1
20191115000137 0
20191115000138 0
20191115000139 -1
20191115000140 0
20191115000141 3
20191115000142 -1
20191115000143 -1
20191115000144 -1
20191115000145 -1
20191115000146 -1
20191115000147 -1
20191115000148 -1
20191115000149 2
20191115000150 -1
20191115000151 -1
20191115000152 2
20191115000153 -1
20191115000154 1
20191115000155 1
20191115000156 -1
20191115000157 2
20191115000158 -1
20191115000159 2
20191115000160 1
20191115000161 -1
20191115000162 -1
20191115000163 -1
20191115000164 -1
20191115000165 -1
20191115000166 -1
20191115000167 1
20191115000168 -1
20191114000001 -1
20191114000002 -1
20191114000003 2
20191114000004 -1
20191114000005 2
20191114000006 2
20191114000007 2
20191114000008 -1
20191114000009 -1
20191114000010 2
20191114000011 -1
20191114000012 -1
20191114000013 -1
20191114000014 2
20191114000015 2
20191114000016 -1
20191114000017 -1
20191114000018 -1
20191114000019 1
20191114000020 2
20191114000021 2
20191114000022 1
20191114000023 2
20191114000024 1
20191114000025 1
20191114000026 -1
20191114000027 2
20191114000028 2
20191114000029 2
20191114000030 2
20191114000031 -1
20191114000032 2
20191114000033 -1
20191114000034 -1
20191114000035 -1
20191114000036 -1
20191114000037 -1
20191114000038 -1
20191114000039 1
20191114000040 -1
20191114000041 3
20191114000042 2
20191114000043 -1
20191114000044 -1
20191114000045 -1
20191114000046 -1
20191114000047 2
20191114000048 -1
20191114000049 3
20191114000050 1
20191114000051 1
20191114000052 1
20191114000053 -1
20191114000054 -1
20191114000055 1
20191114000056 2
20191114000057 2
20191114000058 2
20191114000059 -1
20191114000060 -1
20191114000061 2
20191114000062 -1
20191114000063 2
20191114000064 2
20191114000065 1
20191114000066 2
20191114000067 -1
20191114000068 1
20191114000069 2
20191114000070 2
20191114000071 -1
20191114000072 1
20191114000073 1
20191114000074 2
20191114000075 1
20191114000076 2
20191114000077 -1
20191114000078 2
20191114000079 -1
20191114000080 -1
20191114000081 -1
20191114000082 1
20191114000083 1
20191114000084 2
20191114000085 2
20191114000086 -1
20191114000087 -1
20191114000088 -1
20191114000089 1
20191114000090 1
20191114000091 2
20191114000092 2
20191114000093 -1
20191114000094 2
20191114000095 1
20191114000096 2
20191114000097 -1
20191114000098 -1
20191114000099 -1
20191114000100 2
20191114000101 2
20191114000102 -1
20191114000103 1
20191114000104 2
20191114000105 2
20191114000106 2
20191114000107 -1
20191114000108 1
20191114000109 -1
20191114000110 1
20191114000111 2
20191114000112 -1
20191114000113 2
20191114000114 -1
20191116000001 -1
20191116000002 3
20191116000003 -1
20191116000004 2
20191116000005 1
20191116000006 3
20191116000007 -1
20191116000008 1
20191116000009 -1
20191116000010 2
20191116000011 -1
20191116000012 -1
20191116000013 3
20191116000014 -1
20191116000015 2
20191116000016 1
20191116000017 1
20191116000018 -1
20191116000019 -1
20191116000020 -1
20191116000021 3
20191116000022 1
20191116000023 -1
20191116000024 1
20191116000025 1
20191116000026 -1
20191116000027 1
20191116000028 -1
20191116000029 2
20191116000030 -1
20191116000031 0
20191116000032 0
20191116000033 -1
20191116000034 -1
20191116000035 1
20191116000036 -1
20191116000037 -1
20191116000038 -1
20191116000039 1
20191116000040 -1
20191116000041 1
20191116000042 -1
20191116000043 1
20191116000044 -1
20191116000045 -1
20191116000046 1
20191116000047 0
20191116000048 0
20191116000049 3
20191116000050 2
20191116000051 -1
20191116000052 1
20191116000053 -1
20191116000054 3
20191116000055 -1
20191116000056 -1
20191116000057 1
20191116000058 1
20191116000059 -1
20191116000060 1
20191116000061 -1
20191116000062 1
20191116000063 -1
20191116000064 1
20191116000065 -1
20191116000066 1
20191116000067 2
20191116000068 3
20191116000069 1
20191116000070 1
20191116000071 3
20191116000072 -1
20191116000073 -1
20191116000074 -1
20191116000075 -1
20191116000076 -1
20191116000077 1
20191116000078 2
20191116000079 2
20191116000080 3
20191116000081 3
20191116000082 -1
20191116000083 -1
20191116000084 -1
20191116000085 1
20191116000086 -1
20191116000087 1
20191116000088 -1
20191116000089 1
20191116000090 -1
20191116000091 -1
20191116000092 -1
20191116000093 0
20191116000094 -1
20191116000095 2
20191116000096 -1
20191116000097 1
20191116000098 1
20191116000099 -1
20191116000100 -1
20191116000101 1
20191116000102 2
20191116000103 -1
20191116000104 1
20191116000105 -1
20191116000106 -1
20191116000107 -1
20191116000108 1
20191116000109 3
20191116000110 3
20191116000111 2
20191116000112 2
20191116000113 -1
20191116000114 2
20191116000115 1
20191116000116 1
20191116000117 -1
20191116000118 -1
20191116000119 0
20191116000120 2
20191116000121 1
20191116000122 -1
20191116000123 1
20191116000124 3
20191116000125 -1
20191116000126 -1
20191116000127 -1
20191116000128 1
20191116000129 -1
20191116000130 -1
20191116000131 -1
20191116000132 -1
20191116000133 1
20191116000134 -1
20191116000135 -1
20191116000136 -1
20191116000137 2
20191116000138 1
20191116000139 -1
20191116000140 1
20191116000141 -1
20191116000142 1
20191116000143 3
20191116000144 -1
20191116000145 1
20191116000146 -1
20191116000147 -1
20191116000148 -1
20191116000149 -1
20191116000150 -1
20191116000151 1
20191116000152 3
20191116000153 -1
20191116000154 -1
20191116000155 3
20191116000156 -1
20191116000157 -1
20191116000158 1
20191116000159 3
20191116000160 -1
20191116000161 1
20191116000162 -1
20191116000163 -1
20191116000164 3
20191116000165 0
20191116000166 0
20191116000167 0
20191116000168 1
20191116000169 2
20191116000170 -1
20191116000171 2
20191116000172 -1
20191116000173 -1
20191116000174 2
20191116000175 2
20191116000176 -1
20191116000177 2
20191116000178 1
20191116000179 -1
20191116000180 0
20191116000181 -1
20191116000182 0
20191116000183 3
20191116000184 1
20191116000185 -1
20191116000186 -1
20191116000187 1
20191116000188 -1
20191116000189 2
20191116000190 -1
20191116000191 1
20191116000192 -1
20191116000193 -1
20191116000194 1
20191116000195 1
20191116000196 2
20191116000197 -1
20191116000198 -1
20191116000199 -1
20191116000200 1
20191116000201 1
20191116000202 3
20191116000203 -1
20191116000204 2
20191116000205 2
20191116000206 2
20191116000207 -1
20191116000208 -1
20191116000209 -1
20191116000210 -1
20191116000211 0
20191116000212 -1
20191116000214 -1
20191116000215 -1
20191116000216 2
20191116000217 -1
20191116000218 -1
20191116000219 -1
20191116000220 2
20191116000221 1
20191116000222 1
20191116000223 -1
20191116000224 1
20191116000225 1
20191116000226 -1
20191116000227 3
20191116000228 -1
20191116000229 -1
20191116000230 -1
20191116000231 1
20191116000232 1
20191116000233 -1
20191116000234 -1
20191116000235 3
20191116000236 -1
20191116000237 -1
20191116000238 -1
20191116000239 1
20191116000240 -1
20191116000241 -1
20191116000242 -1
20191116000243 -1
20191116000244 3
20191116000245 -1
20191116000246 -1
20191116000247 -1
20191116000248 -1
20191116000249 -1
20191116000250 0
20191116000251 3
20191116000252 -1
20191116000253 -1
20191116000254 3
20191116000255 -1
20191116000256 2
20191116000257 -1
20191116000258 2
20191116000259 1
20191116000260 3
20191116000261 2
20191116000262 -1
20191116000263 1
20191116000264 2
20191116000265 -1
20191116000266 -1
20191116000267 -1
20191116000268 -1
20191116000269 -1
20191116000270 2
20191116000271 -1
20191116000272 -1
20191116000273 2
20191116000274 1
20191116000275 -1
20191116000276 1
20191116000277 3
20191116000278 -1
20191116000279 -1
20191116000280 -1
20191116000281 1
20191116000282 -1
20191116000283 -1
20191116000284 -1
20191116000285 1
20191116000286 -1
20191116000287 -1
20191116000288 1
20191116000289 -1
20191116000290 -1
20191116000291 -1
20191116000292 -1
20191116000293 3
20191116000294 1
20191116000295 -1
20191116000296 -1
20191116000297 -1
20191116000298 1
20191116000299 -1
20191116000300 -1
20191116000301 3
20191116000302 -1
20191116000303 -1
20191116000304 1
20191116000305 2
20191116000306 -1
20191116000307 1
20191116000308 2
20191116000309 -1
20191116000310 -1
20191116000311 3
20191116000312 0
20191116000313 -1
20191116000314 3
20191116000315 1
20191116000316 -1
20191116000317 1
20191116000318 1
20191116000319 -1
20191116000320 -1
20191116000321 -1
20191116000322 -1
20191116000323 1
20191116000324 1
20191116000325 -1
20191116000326 -1
20191116000327 3
20191116000328 2
20191116000329 2
20191116000330 3
20191116000331 -1
20191116000332 -1
20191116000333 -1
20191116000334 1
20191116000335 3
20191116000336 1